Case #1:
44.7213595
25.0000000
25.0000000
Case #2:
50000.0000000
50000.0000000
Case #3:
10141.4206391
Case #4:
1.4142136
0.4515236
Case #5:
1.3888494
1.1646981
2.7336887
2.1539279
1.5689291
2.3871804
3.3683014
2.7015265
1.1848310
1.5132443
2.2122653
1.1547005
1.6561573
1.6653328
1.7797507
1.6024672
1.5049826
1.7468099
1.4164854
1.9446897
1.4280111
1.7136133
2.4092844
1.2755856
1.5975441
1.2714481
1.3813967
1.9873015
2.5696643
1.2665359
2.7928480
2.0464407
1.3771915
1.1976989
1.6124515
1.3174764
3.2942638
1.5174264
1.3156478
1.5582091
1.7730135
1.3478108
2.2709084
1.5597271
1.6784385
2.4613517
1.4315240
1.1547005
1.6634855
1.7136133
1.3352367
1.3899239
2.2662309
1.5491933
3.0983867
1.1653316
1.3986110
2.6553432
1.1284810
1.8004328
1.2916846
1.5104753
1.7196936
2.4320140
1.4052343
1.2181739
2.2166159
1.2382122
1.5735916
1.4142136
1.4268458
2.3763541
2.0673588
1.1628038
2.6553432
1.1461606
2.6258385
2.1341847
1.2366939
1.4643531
3.0517917
2.5833693
1.5975441
1.3202336
1.7016438
1.8618987
1.5403323
1.1854980
1.7619528
2.5764894
1.1723691
3.2800336
2.5169476
1.2053432
1.2225428
1.3286102
1.2299298
2.9645796
1.1504068
2.8284271
1.5009023
1.8856181
1.7425545
1.1788787
1.4758084
1.4915089
1.2482197
1.9130667
1.2780876
1.1516287
2.6331224
1.5447438
1.2657227
1.3066179
2.4917775
1.9968026
3.5327043
1.1942720
1.1279057
1.4630966
1.3688951
1.2053432
1.2203525
1.2951523
1.5536816
3.2521180
2.2569620
1.4656127
1.1782229
1.1634342
1.3517518
1.4422205
2.2899121
1.6507243
1.6329932
1.3333333
2.6114502
1.6709118
1.8802688
1.1354542
2.4553993
2.2851165
1.1915516
1.2986479
1.2942827
3.5151722
1.8074888
1.6312513
1.1590427
1.1835005
2.1660400
1.6841507
1.2291850
2.3603874
1.3129192
2.2756149
1.2689849
2.5042677
1.3658224
1.1821744
2.5105837
1.9748418
1.1553179
1.2641010
1.3147364
1.1888497
1.5506851
1.5273213
1.3975162
1.4063474
1.7752507
1.2891021
1.2466643
1.6918585
2.9964007
2.0396078
1.9359101
1.3782392
1.2545001
1.5991801
1.2025465
1.1565555
2.8748740
1.6295150
3.3530946
2.7094605
2.8194050
1.2240095
1.3678686
1.3627703
1.2039424
3.0181930
1.4108262
1.3048341
1.6690459
1.3761462
1.2568798
2.1111947
1.6453444
1.9656493
1.2018504
1.8991936
1.4097025
2.5233602
1.4130817
1.2780876
1.8644900
1.3211565
3.4978985
1.1467644
1.3899239
1.2698044
1.1749600
2.3871804
1.6489252
1.6107745
1.3381072
2.6704735
2.6404672
2.4320140
1.2706254
1.8541889
1.7641484
1.3458532
1.5878325
3.3993463
1.6312513
1.8910133
2.3981560
1.8697054
1.8122391
1.4108262
1.5878325
1.5814557
1.2730983
1.9626135
1.9074811
1.9388234
1.5612495
1.3835138
1.3400311
1.3075125
1.4507078
1.1348681
1.1956393
1.2529211
2.3551362
Case #6:
48.4221970
48.4221970
59.0304861
49.8088435
57.5727182
48.4221970
48.4221970
48.4221970
72.2972851
108.4459277
48.4221970
48.4221970
82.8933930
70.6556467
56.0012363
48.4221970
48.4221970
48.4221970
56.2178763
59.2843818
53.8361125
110.5935803
48.4221970
64.8311049
48.4221970
88.2632859
104.9707810
100.5396184
101.8096429
48.4221970
48.4221970
78.9954145
48.4221970
48.4221970
62.6112855
48.4221970
48.4221970
82.2035608
76.3168208
48.4221970
81.3100173
48.4221970
48.4221970
66.0923056
48.4221970
48.4221970
62.2137495
48.4221970
68.7195071
48.4221970
48.4221970
57.8873256
48.4221970
48.4221970
48.4221970
48.4221970
48.4221970
54.5517902
48.4221970
48.4221970
48.4221970
48.4221970
48.4221970
103.5803781
66.4492423
54.2882534
83.8407768
48.4221970
48.4221970
48.4221970
50.0121458
52.1343137
56.5106797
48.4221970
48.4221970
60.8797623
92.8080709
48.4221970
48.4221970
48.4221970
48.4221970
48.4221970
48.4221970
71.0922460
61.9205174
48.4221970
68.1949230
48.4221970
60.2441620
90.2992802
62.9144897
50.5314966
48.4221970
48.7807371
59.8897815
80.6586582
48.4221970
72.7652336
85.5798818
48.4221970
48.4221970
91.5278983
48.4221970
98.9179054
52.7234207
48.4221970
66.9342797
49.6579835
48.4221970
48.4221970
48.4221970
48.4221970
79.8140417
106.9148495
48.4221970
52.5445957
48.4221970
48.4221970
48.4221970
48.4221970
63.6394542
48.4221970
97.7518382
50.7438148
48.4221970
48.4221970
64.3900719
48.4221970
48.4221970
52.9647191
59.6280623
75.0758142
67.8092748
77.0541986
48.4221970
48.5920295
48.4221970
48.4221970
50.9048215
48.4221970
48.4221970
54.0930883
48.4221970
48.4221970
61.2521190
55.0223627
48.4221970
48.4221970
48.4221970
84.5730246
51.7334948
77.6214764
48.4221970
48.4221970
48.4519272
52.3089685
48.4221970
55.2277985
53.5827647
48.4221970
51.9041390
48.4221970
56.7333096
48.4221970
57.3401003
57.0342842
48.4221970
48.4221970
70.0858338
48.4221970
48.4221970
75.7774726
51.5085655
48.4221970
65.1678921
48.4221970
78.3977105
48.4221970
48.4221970
51.3417807
86.3590774
48.4221970
48.4221970
71.6871705
87.4319021
48.9716605
73.4035373
48.4221970
48.4221970
65.6252163
48.4221970
64.0651409
48.4221970
48.4221970
74.5621766
55.7162408
63.3256999
48.4221970
89.4096104
53.3950837
49.3112402
48.4221970
48.4221970
48.4221970
48.4221970
48.4221970
73.8934440
48.4221970
48.4221970
48.4221970
48.4221970
53.1478829
48.4221970
55.5053269
48.4221970
48.4221970
48.4221970
48.4221970
48.4221970
48.4221970
96.2593561
93.8042505
50.3739955
48.4221970
48.4221970
50.1662668
60.5141147
58.6969779
48.4221970
48.4221970
61.5359142
51.1219006
69.1209877
95.1837988
67.3051096
58.1266953
48.4221970
48.4221970
54.7519809
69.6674072
48.4221970
48.4221970
48.4221970
58.4505234
48.4221970
49.1163333
48.4221970
49.4589527
48.4221970
48.4221970
Case #7:
67.1643089
79.1720766
68.0148944
108.2766518
78.6742868
87.2046366
75.3034594
69.8915643
84.9391939
75.1864289
65.1594224
65.4096030
65.9273052
74.6899922
68.5935160
77.2092688
76.9602348
65.2932778
67.8054695
68.0828920
73.9941388
71.4258535
72.7309096
66.7507059
109.1903951
65.2125628
65.1771077
76.9164830
76.6566161
66.2022766
66.0993981
65.9842017
83.0377989
102.0842063
69.4522138
82.5955903
64.6922833
73.2630909
68.4801674
81.9232619
68.7095824
66.4094830
97.8288106
65.9084027
65.3375498
69.0769101
90.1783717
76.3170107
71.9185610
67.5929353
86.3398374
72.6010343
69.5798548
70.0139359
67.6585816
66.0988525
73.3310829
76.2751002
76.1086339
73.2292198
65.7583034
67.6147773
89.4065027
79.2735517
100.2447006
72.9612056
90.4401382
82.5333483
78.0971617
64.3259165
82.8416061
71.9081646
65.0889610
77.4048715
70.9035035
65.0714152
94.9649058
67.4411504
65.7396799
67.1853760
66.9361327
71.5447993
71.2665207
68.8812781
74.5778297
68.9542789
66.7914152
66.9144008
72.7635726
65.3196087
75.6603153
68.4053520
66.8938132
68.9787084
71.1041763
75.2643441
80.1499736
82.9102759
90.9705835
64.6415799
74.2465484
65.8331051
66.3512682
64.6079075
85.7325471
73.7013697
77.0041141
66.7101383
65.7769577
65.4920401
65.6926288
77.9094733
66.6697114
80.6550319
65.1948212
92.3386389
66.8732618
112.0769825
71.1911292
82.8468706
86.5060569
67.3339062
87.6798698
79.4278870
68.6886917
71.0106257
66.8322668
66.5692548
113.0912745
81.8634571
107.8282994
84.5764880
71.3955099
67.3766877
84.7169379
79.7383995
76.4011885
70.9605249
77.0462078
83.9580309
70.3827564
76.6996155
67.0429742
80.8784618
86.4172013
73.7461780
69.0277122
66.2535280
80.7046513
79.5819359
78.8989496
75.0162649
64.9667190
69.8652936
66.0605076
68.3355305
75.1667490
88.4075160
77.4500611
86.2769013
78.0030315
74.8409236
66.9763814
76.3590400
66.2340792
65.3555197
79.4269948
116.8710184
74.9934593
65.0963142
65.5551117
69.2007626
72.3449486
79.9676071
79.2503943
80.7663644
98.8426078
65.8895315
86.5729227
70.1841765
67.6949471
71.2202419
67.8577070
71.0465264
72.9280681
73.4680761
64.9011224
66.3120725
66.8527463
79.6339201
69.9971934
66.6495505
78.7233607
86.6512850
70.5388353
78.4795199
83.3608325
65.4458039
69.7347498
102.8488927
71.9388966
75.9329946
73.9584465
68.5226153
68.1403134
79.0210771
69.2756688
72.2501516
Case #8:
70.2820653
90.1228560
81.4583878
79.5214588
68.0018918
66.9914090
83.3554558
66.3007935
91.2806987
69.2884874
69.5405794
81.7935328
70.3018859
73.0401914
68.7376549
70.9169331
71.1311930
75.0683839
69.9897419
89.0350857
68.2824129
87.6260043
73.6360762
85.0531253
85.7958833
72.7038310
75.2943652
79.4274933
86.8242343
66.7107275
66.9507198
76.9456365
72.5523046
75.4918894
78.6133062
77.8105790
76.1773106
81.3486049
75.2617913
73.5251243
78.9683457
74.6609137
82.2544694
66.6844910
69.3062616
76.4638314
85.5688635
81.4033777
66.0426940
66.6583386
69.8375515
70.8115905
86.0374644
71.5068308
87.5821657
69.4497350
88.7137734
72.7804618
85.4195436
82.7324184
67.2679072
86.8866318
68.2035700
66.3760892
71.5520029
68.0789014
88.2002819
103.8799171
82.1376810
92.0877193
70.3616027
68.5887236
68.1254408
66.4775906
93.6104385
72.6784168
70.4821977
66.0790583
79.8561832
89.3240679
76.6467091
66.3634909
66.4520954
80.3508198
74.9098236
76.0717403
76.2838944
68.2192811
66.1768490
79.2417260
65.8044355
69.0779055
101.1255815
68.3619807
74.4176955
81.9072284
84.7668395
65.6879514
82.9162555
70.2622869
71.6658637
67.1561997
74.4779785
72.1832748
87.4102676
72.6530669
91.0984574
88.2397443
67.8649965
67.5976401
69.2001413
67.8952287
74.6917116
69.8753627
77.4488257
87.0724769
75.3270373
67.3953933
66.5416822
84.9809932
66.2014849
68.9916100
72.8576812
71.7348270
66.6062845
68.8383626
88.5544189
66.9778237
65.6074298
93.2026929
65.5504180
72.9094914
72.5774001
73.4700937
65.6303516
69.0952656
90.3292734
71.9682928
103.4292202
81.8502546
70.3815938
75.5585359
73.8047718
78.5696632
78.5261806
68.6546034
67.7600213
65.6533407
65.5959941
77.6483992
68.2507894
89.3651041
65.4938202
71.9446938
69.1825762
68.6216016
70.5430845
89.1307963
67.1146935
86.3160887
69.1650456
70.3217489
78.3966850
75.6930619
89.7182065
76.3915082
72.2559903
74.5082493
69.2530443
81.5691272
66.1400369
77.0216189
76.9835641
89.9191877
73.2797793
67.8048522
74.5995842
91.4049095
86.0266420
67.8499206
76.1420087
65.6418377
72.4773943
72.1350936
69.4859632
92.6062372
88.2907488
75.4256482
89.5198526
73.6640017
77.3699557
65.9944655
69.7623952
72.2074539
66.8967784
67.5830317
90.3861865
69.7437025
66.3509123
78.7010773
67.0733942
79.6161584
77.0598015
82.4316499
67.0459753
94.2379333
77.1751241
77.4093229
67.2819766
71.4171158
76.5731999
83.1654375
75.1646543
68.7043400
66.0547970
69.5223373
71.5973868
66.6192668
69.0260277
71.3725695
82.8546899
68.3940132
99.9799244
71.7810755
69.6693129
71.0449091
70.7281541
65.7343380
91.7426187
85.1256366
82.0219393
78.0999595
66.8431886
71.3503734
71.1095487
68.7209817
79.5687163
80.3004528
71.2620986
99.6135088
88.9399831
71.1528865
67.9407786
78.7452074
73.2260481
75.3926783
88.8454818
75.0364840
72.8318755
Case #9:
40.8940230
91.0252213
40.8940230
57.3094964
41.0970109
66.5426715
60.2789198
92.4365492
72.8643506
51.7114904
54.8148231
79.9743380
72.6881367
54.8148231
41.1013718
54.0048887
40.8940230
41.0481060
48.4978217
77.7337146
52.0950172
62.4985143
41.0173889
66.8137222
40.8940230
51.2745720
46.9105489
40.8940230
45.1716874
40.8940230
53.7901566
46.3088100
47.6348925
41.0418904
40.9934468
53.4378925
45.0876470
82.4205998
57.2236394
41.0367387
58.0105561
40.9499865
66.2748930
40.9710066
43.4244886
40.8940230
52.6199173
97.9481603
42.3085463
41.0023610
57.3957410
42.5882753
46.4914884
40.8940230
40.8940230
41.1146473
74.1348086
46.7696055
40.8940230
43.5372308
87.4542038
40.9253232
41.0851097
45.2561995
42.2739664
75.4741264
40.8940230
41.0701528
55.8206836
42.0682524
59.1121207
77.0974116
40.8940230
40.8940230
41.1201067
40.8940230
61.2008259
40.9748746
67.9320211
49.0278683
40.8940230
41.1357854
52.0305032
91.7227428
41.1002799
44.1931233
64.3645512
41.2744405
41.1189956
50.7885461
65.3625108
55.9803998
41.5668251
41.1551363
51.6483891
40.8940230
41.1324063
41.0776050
41.1090465
41.1655233
41.1505518
50.6691839
56.3039886
59.7844166
58.8308560
51.1517584
43.0549117
41.0398267
41.1608945
78.1667749
41.1101474
45.7734300
85.3892265
41.1391751
83.4639401
75.6714447
40.8940230
73.0418524
94.2966259
41.0861862
43.3871020
41.0616998
48.5500542
40.8940230
65.4905471
63.0641232
41.1690079
42.5178232
42.1023296
41.1414408
41.4361115
40.8940230
40.8940230
46.5374969
40.8940230
54.2952396
40.8940230
43.9194790
49.1903023
40.8940230
53.5077917
41.0123556
40.9443271
40.8940230
41.1035590
41.0595970
41.0512275
41.1620499
40.8940230
40.8940230
70.9935416
76.2728166
52.1597718
42.4827280
41.0357113
98.3806046
51.9021911
40.9652314
61.5176572
88.0722624
57.3094964
53.2989121
58.1898782
41.1482668
40.8940230
45.7296486
88.7036129
60.5815774
61.3058918
43.4995526
41.0512476
42.8736271
44.3119754
53.9330258
58.2801651
40.8940230
41.1279174
41.0829601
46.1282681
40.9758439
86.8489771
41.1145623
53.0241736
41.0616998
40.8940230
104.5800172
55.0421143
42.7659493
50.9087558
50.5506593
40.9509328
40.9661917
40.8940230
41.1068481
40.8940230
41.0336597
40.9865658
41.3712154
55.3496146
69.4121954
51.3363114
41.1771826
55.2722566
41.0543583
41.1156689
53.3682666
41.1234472
49.4646508
57.7446545
42.8017517
58.1000096
40.9537767
47.2927185
91.3719853
40.8940230
41.1057506
Case #10:
100056.5402585
100137.3465959
100104.5730562
100076.9190112
100104.5730562
100047.9429667
100047.6644461
100046.1390914
100044.7736410
100106.3558179
100062.4555318
100077.3850220
100047.0417498
100079.5918663
100109.2094714
100062.2093422
100046.9887428
100047.4996347
100114.9046819
100062.8303401
100092.3354880
100059.5719259
100057.8733251
100113.7689478
100054.5363720
100048.8086150
100059.5719259
100056.8181862
100074.3933202
100077.7401296
100064.2644918
100049.4123291
100048.3700103
100120.6941206
100128.5189309
100047.2286895
100048.6024611
100050.9573547
100081.4448941
100073.6725776
100078.9600283
100055.8628330
100060.2275865
100083.8787348
100050.9236817
100062.9567787
100076.1233184
100124.9131210
100054.3719831
100118.5273825
100058.8851607
100054.4951356
100062.4555318
100090.5904897
100045.7677544
100056.7250905
100050.6566683
100047.2018480
100056.4943311
100051.5401670
100111.9486322
100059.3580689
100070.3581845
100060.5636111
100060.7907665
100103.7146221
100053.8477705
100045.3575005
100055.2949430
100100.9987081
100052.7307528
100051.5053314
100057.4346452
100052.9561793
100082.7066342
100072.5810331
100047.5269851
100052.0712928
100061.9660317
100093.7645800
100061.8454386
100051.3322019
100052.6191092
100052.5820513
100053.1080729
100067.7672723
100045.5491885
100082.8504694
100046.6226203
100069.4902857
100075.2434424
100107.9131526
100051.6100499
100075.0281888
100054.6606428
100063.1478714
100052.6191092
100067.2207247
100055.9072421
100045.1212421
100059.9517834
100050.0389027
100077.1509634
100088.4104417
100097.5312399
100071.2593431
100135.3605571
100062.5175357
100046.8307854
100046.8570016
100065.8736975
100070.9853773
100070.0944169
100125.9122628
100070.8947533
100051.0587743
100048.6610968
100045.0744296
100072.6782700
100060.5636111
100076.3481415
100053.6501337
100045.8905405
100047.1215959
100050.1992885
100106.6618951
100086.7090109
100049.4431031
100053.9274365
100079.7200599
100049.7226690
100046.3662568
100049.0775470
100066.0926016
100051.1607991
100090.2159521
100047.6920810
100075.7897684
100068.1659037
100070.8044746
100055.3380157
100113.3977849
100067.5314150
100054.3719831
100055.2519704
100075.3517647
100054.6606428
100111.5949379
100053.5325868
100044.8195265
100066.0926016
100044.9117201
100059.1464905
100049.6601354
100045.1447028
100068.9846731
100051.6802166
100073.8763687
100073.7742626
100052.3979241
100052.2520010
100099.4680263
100081.1722511
100059.0939472
100045.7922332
100078.2212840
100055.3811888
100068.4899091
100066.3136960
100044.7965663
100073.2699920
100044.8425220
100075.9004652
100098.9730431
100054.9117440
100066.3136960
100058.3726909
100092.1366128
100052.1433518
100053.3383735
100046.5967934
100105.4531458
100129.0599630
100045.7922332
100047.8589009
100049.3816122
100104.2845495
100059.6257511
100046.0391898
100045.3337084
100071.0763487
100136.0131050
100056.0859394
100058.8333076
100085.5747267
100054.9539303
100053.2228511
100082.1386809
100056.1759305
100057.1476536
100103.9984156
100045.2625549
100050.2315503
100048.4278117
100078.5880577
100062.7046577
100083.1404013
100068.4084760
100052.9184083
100051.7860029
100070.5356884
100045.8413082
100047.0152240
100047.6093195
100057.1951880
100048.8382793
100053.0319637
100113.0302293
100066.6871541
100085.2587221
100094.1852170
100095.7032362
100079.2109568
100056.7715814
100117.2820279
100097.5312399
100068.0056111
100061.1363265
100049.7540241
100089.8460150
100049.8484448
100053.1845094
100139.4213492
100126.9357688
100051.8214090
100048.0840614
100086.2174034
100047.3365129
100055.1663236
100046.4939111
100100.7386882
100051.9280627
100085.4162867
100084.4837502
100063.7976009
100056.5402585
100048.7494477
100051.9280627
100051.9995304
100086.3803439
Case #11:
62.0952110
74.1380094
62.0952110
67.5131624
62.0952110
105.5390452
62.0952110
62.0952110
65.5026094
75.8944833
62.0952110
81.2141203
62.0952110
62.0952110
62.0952110
74.2594477
62.0952110
62.9081871
62.0952110
62.0952110
65.8393859
62.0952110
75.0008250
62.0952110
62.0952110
62.0952110
88.6532677
62.0952110
62.0952110
62.0952110
62.0952110
63.8929627
76.8208670
129.6885500
62.0952110
62.0952110
99.1753129
62.0952110
62.0952110
80.7405645
62.0952110
62.0952110
62.0952110
70.6458548
62.0952110
67.6968720
62.0952110
62.0952110
62.0952110
77.5037326
98.3166360
62.0952110
62.0952110
62.0952110
97.7564227
62.0952110
62.0952110
62.0952110
69.9233800
62.0952110
62.0952110
122.5441611
89.7074458
62.0952110
116.4637560
69.1242294
89.2812798
62.0952110
62.0952110
62.0952110
74.7512375
62.0952110
62.0952110
62.0952110
74.1380094
62.0952110
62.0952110
62.0952110
72.4981034
62.0952110
62.0952110
64.3633467
76.2873824
71.3911971
126.5630654
62.0952110
62.0952110
91.0235178
62.0952110
62.0952110
62.0952110
62.0952110
75.3799385
63.9706441
62.0952110
65.8393859
62.0952110
86.8458766
62.0952110
107.7004787
62.0952110
66.4414569
124.2191021
62.0952110
62.0952110
70.1275363
62.0952110
85.5140975
62.0952110
63.6616054
77.0918410
78.6352338
62.0952110
62.0952110
62.0952110
62.0952110
77.6425040
62.0952110
62.0952110
62.0952110
62.6873267
62.0952110
62.0952110
98.8865923
62.0952110
69.4206892
64.2842276
73.7772384
119.3879874
62.0952110
62.0952110
103.1746706
62.0952110
62.1095510
62.0952110
62.0952110
93.3518610
62.0952110
125.9646551
62.0952110
66.7045924
62.0952110
62.3243398
62.0952110
79.3681037
62.0952110
97.2056779
62.0952110
62.0952110
104.1683501
62.0952110
114.6295664
62.0952110
68.3518674
64.7633713
62.0952110
62.0952110
62.0952110
84.7800573
62.0952110
91.4752502
62.0952110
62.0952110
66.0954053
62.0952110
62.0952110
62.0952110
68.5425285
62.0952110
62.0952110
62.0952110
62.0952110
62.0952110
65.1709485
70.8564241
64.5224652
66.5288224
62.0952110
62.0952110
62.0952110
62.0952110
62.0952110
62.0952110
78.3477183
62.0952110
62.0952110
62.0952110
73.7772384
72.8403466
62.0952110
62.0952110
62.0952110
62.0952110
62.0952110
62.0952110
62.0952110
62.0952110
62.0952110
62.0952110
62.0952110
62.0952110
62.0952110
76.8208670
62.0952110
62.0952110
64.4427586
62.0952110
63.4327433
106.9653132
62.0952110
79.2198905
62.0952110
62.0952110
62.0952110
99.7604231
76.0247744
65.2533912
62.0952110
62.0952110
79.8177849
62.0952110
109.2174615
67.2403809
69.5203600
66.8817629
112.8793939
102.2088958
62.0952110
67.9752702
62.0952110
62.0952110
90.5784123
88.0383243
72.0491944
62.0952110
69.2226269
62.0952110
62.0952110
75.6358983
63.0567308
62.0952110
72.3850899
103.8339404
62.0952110
71.8278446
127.7859254
62.0952110
62.0952110
62.0952110
63.2815327
Case #12:
50.3997045
51.8576290
52.4606024
48.9774049
48.6691767
50.9644840
63.7710049
60.7293725
51.8235105
48.7565646
67.1539535
48.6332564
50.4343561
48.9347751
49.1856952
49.6567634
48.6794424
50.2357299
49.3893065
50.1589862
51.8550178
49.5725811
48.6886407
50.1833260
80.3780959
49.1256924
49.1003272
48.8432284
49.0792204
52.9426395
51.7902841
50.7204301
49.2644092
74.3028202
49.2854015
49.1655612
48.8559593
51.7282339
49.1779492
51.2635038
50.2982864
49.0950002
51.3583591
49.6898108
73.2019768
49.9752821
48.8998617
49.5408720
48.9450729
49.0658830
51.7193780
49.5215875
49.1912861
51.0244080
49.0424198
48.9171427
48.7280034
60.9767436
51.2054188
51.0033876
51.1631939
48.5696448
49.7781846
48.8931582
51.2252729
49.4462666
49.3206155
49.9092938
49.5702829
66.0197882
67.3207958
50.4435632
50.1383048
50.3531795
50.8194732
49.0075218
93.1435145
49.3679489
49.0623771
50.8640765
49.9150251
48.7023530
51.9914967
49.5755710
48.9523065
49.7537687
51.8379026
48.6995408
50.4620622
50.0257740
69.2421381
87.1277797
48.7799278
84.6925891
77.6709821
49.1088614
49.2684967
48.9031634
91.4184853
51.3168776
48.6418671
49.3522058
49.1220238
66.1782994
49.2953572
53.9479693
49.2976995
48.6068570
81.2470735
49.0588090
71.3379713
50.0931765
49.3019094
50.5469961
49.1690659
51.0851431
49.0041511
50.9208826
49.6596755
64.0576176
51.6856617
50.1554754
75.6917782
49.8831078
49.0388479
49.3792101
49.9049724
85.0280066
54.0343552
51.7193780
83.0730785
78.1905262
50.8194732
50.4561966
51.2733140
50.7286083
49.1487567
49.5267489
49.3746637
73.4182313
68.0008211
48.7657871
54.2083793
48.7688379
50.9218620
50.9542358
75.2201737
49.6800623
50.7422087
51.3976254
49.2031170
49.2449689
78.7206375
65.0920636
56.8358967
49.1543735
50.9972343
49.8255414
49.5443725
51.8149801
49.7002735
49.8196516
70.9427440
48.7799278
80.6646497
49.3386708
49.4344494
62.6618594
49.4528676
50.6562567
58.7415371
68.1740719
49.2532561
50.1244945
48.6195445
51.1221164
51.1779005
48.7959410
67.6582456
58.9653152
51.7475496
50.4866001
48.8902388
49.4188966
87.8630483
48.6828371
50.3411289
51.8687378
48.6662480
55.1044463
48.8483881
49.5318877
51.5347543
51.3289906
49.2364449
49.7728136
49.9617334
49.8671638
49.2285460
95.4437007
49.8774887
51.5679730
50.5107907
92.2689081
50.1790148
64.3481299
49.5925082
49.2998776
50.3918790
81.5430566
Case #13:
136.7171854
68.1202708
68.1202708
68.1202708
68.1202708
68.1202708
102.0620726
70.9773441
68.1202708
71.2470500
75.8098044
68.1202708
111.8033989
68.1202708
68.1202708
123.0914910
68.1202708
68.1202708
110.4315261
79.1807582
68.1202708
68.1202708
68.1202708
68.1202708
68.1202708
138.6750491
74.7435093
68.1202708
68.1202708
68.1202708
68.1202708
68.1202708
68.1202708
68.1202708
68.1202708
117.0411472
72.5476250
68.1202708
77.8498944
92.4500327
77.0371216
68.1202708
95.3462589
68.1202708
68.1202708
68.1202708
68.1202708
81.3788459
68.1202708
68.1202708
68.1202708
103.1421246
68.1202708
68.1202708
68.1202708
68.1202708
68.1202708
68.1202708
90.3507903
68.1202708
82.3386970
74.0233210
68.1202708
68.1202708
68.1202708
68.1202708
69.4210135
68.1202708
68.1202708
93.8646509
73.6210174
77.3823233
72.9324957
68.1202708
94.4911183
68.1202708
68.1202708
68.1202708
68.1202708
68.1202708
68.1202708
68.1202708
68.1202708
68.1202708
141.4213562
68.1202708
68.1202708
68.1202708
68.1202708
68.1202708
68.1202708
68.1202708
105.1176662
86.0662966
68.1202708
80.0640769
68.1202708
91.6698497
125.0000000
68.1202708
68.1202708
68.1202708
68.1202708
69.1714464
80.4517987
68.1202708
109.4351310
115.4700538
68.5188710
68.1202708
93.0484210
68.1202708
118.6781658
68.1202708
68.1202708
68.1202708
68.1202708
68.1202708
68.1202708
68.1202708
86.7109970
76.2492852
68.1202708
68.1202708
68.1202708
96.9003166
68.1202708
80.9776330
85.5920985
79.5557284
68.1202708
97.5900073
68.1202708
68.1202708
68.1202708
68.1202708
68.1202708
103.9750490
68.1202708
78.3260450
68.1202708
68.1202708
68.1202708
126.4911064
112.8665296
68.8428391
68.1202708
68.1202708
68.1202708
68.1202708
68.1202708
75.4851356
68.1202708
68.1202708
68.2788742
68.1202708
68.1202708
68.1202708
71.6114874
68.1202708
68.1202708
89.6221430
119.9520288
68.1202708
68.1202708
68.1202708
68.1202708
68.1202708
101.0152545
68.1202708
78.6889475
68.1202708
68.1202708
68.1202708
68.1202708
90.9090909
68.1202708
68.1202708
68.1202708
68.1202708
68.1202708
72.2629374
68.1202708
114.3323901
68.1202708
68.1202708
68.1202708
99.2583334
130.1889110
96.0030721
83.3333333
68.1202708
68.1202708
68.1202708
68.1202708
68.1202708
70.3597545
81.9231921
68.1202708
68.1202708
68.1202708
84.9718577
68.1202708
74.3294146
68.1202708
70.0140042
128.5648693
89.0870806
68.1202708
134.2312110
88.3883476
105.9997880
68.1202708
68.1202708
68.1202708
68.1202708
68.1202708
69.7580106
68.1202708
87.8749550
68.1202708
84.5154255
98.5329278
132.4532357
68.1202708
68.1202708
82.9026672
68.1202708
68.1202708
68.1202708
68.1202708
68.1202708
70.6224552
68.1202708
108.1476141
68.1202708
75.0586625
73.3235575
68.1202708
71.8885155
68.1202708
68.1202708
100.2509414
107.2112535
121.7161239
68.1202708
83.9181358
68.1202708
76.5839581
68.1202708
Case #14:
12.9059671
18.5037049
12.9079058
12.8172884
23.4814102
21.8411013
22.2187853
28.5737911
15.6655803
12.9098509
12.8992318
16.4444636
17.4142799
12.9147420
12.8248087
18.0025443
12.9429078
15.1489898
20.2047215
12.9326939
18.8884385
12.8585888
12.8358492
12.8621682
12.8935197
12.8082298
12.8897424
17.9342233
12.8090474
16.2388997
12.8281831
12.8776326
12.9001893
15.5314929
12.8106861
16.5502168
14.9483321
18.2838511
13.4554465
15.9924681
19.2141252
21.4820451
12.8222909
16.9945970
12.8648674
19.1311265
12.8206185
21.7194230
14.9878257
24.6275107
12.8954176
15.3154672
12.9246478
17.8666741
12.8375668
22.8942820
21.2522840
15.4007908
12.8523777
12.8712149
12.9367584
19.4697568
12.8559187
12.8497362
28.0396545
15.7569255
12.9306721
18.1415622
12.8794794
12.9337074
26.3818119
12.8594816
12.8324294
16.3407120
23.0369269
12.8657700
24.9870555
12.8963688
15.8498875
20.8140455
12.8859895
12.8982759
12.9127806
12.9357396
21.1401339
12.9011483
12.8123295
12.8349924
17.6039146
12.8307271
18.2122898
16.7679922
24.2830531
19.9194640
12.8444892
14.9091490
22.4817386
16.1389671
15.4439909
19.5572617
12.9347226
15.8969898
12.8612713
25.1728354
12.8730413
23.7924358
12.8541455
12.9088775
12.8189510
22.7542545
19.0491941
20.6048538
27.2917956
12.8568074
16.6038644
12.8041596
12.9418785
23.6353883
17.5400164
12.8098661
17.1113997
12.8131530
12.9398251
12.9186843
17.2306444
12.9256475
15.5758054
19.6459573
12.8384276
12.8630666
12.8239682
22.6167653
12.8148035
12.8869254
12.8164589
17.7338346
27.5343941
12.8925731
12.8057842
28.8525664
12.8757917
29.1396637
12.8392896
12.9021089
20.1082783
12.8804049
12.9226532
12.8462328
25.3628218
12.8401529
12.8341368
23.9526560
12.8479818
12.8514958
12.8888019
12.8290299
12.9206654
15.2315462
17.4768089
12.9388011
12.9296637
12.8074134
12.9276522
16.7127433
12.8418835
15.0276341
23.1822717
21.9648479
12.8675793
16.0408569
19.8270298
12.9216585
20.9210593
26.8252348
12.9167098
18.4295415
16.8801539
12.8739567
12.9030711
16.1887021
12.8693942
12.8841220
18.8095720
25.9596757
18.7316853
20.4018454
25.5571757
21.5997558
17.3524172
15.0677614
12.8427507
17.6685164
20.7086572
12.8822605
12.8906845
12.9108258
18.6547581
12.8264934
19.7358706
12.9050002
19.2982137
Case #15:
44.7437370
91.0031510
47.6930068
46.5477609
102.4631039
100.8866545
48.8587908
56.8190990
44.7437370
54.2525639
49.6903995
45.1563760
73.9221271
44.7437370
87.0388280
44.7437370
46.6826974
44.7437370
52.8147733
48.0817839
44.7437370
55.1108498
63.8550857
44.7437370
56.0772154
53.8968056
54.1927815
96.5609099
61.4585084
44.7437370
45.3877583
51.1309993
44.7437370
44.7437370
67.2292645
50.9812742
45.5653695
44.7437370
44.7437370
44.7437370
50.3473360
51.1812015
52.8701057
86.3063704
62.8074293
44.7437370
57.5912284
44.7437370
105.8512248
55.6199678
46.6015647
44.7437370
100.5037815
71.7496003
44.7437370
49.7364731
57.5197309
46.9484016
48.1270989
54.4936876
50.5883491
73.4718358
44.7437370
83.1171635
55.2368177
70.9326902
44.7437370
88.8231183
44.7437370
45.5154905
81.8545509
51.8475847
44.7437370
48.7355548
89.8933150
66.0098362
44.7437370
45.0352257
47.7817139
47.4264787
75.3243577
44.7437370
44.7437370
54.7996624
44.8493795
44.7437370
49.8754668
67.1156055
45.2375020
44.7437370
45.1073321
44.7437370
44.7437370
44.7437370
56.6820201
94.2809042
51.7953979
44.7437370
56.8880124
47.5095321
44.7437370
55.1737259
99.0147543
56.2766608
45.5797916
80.4517987
46.3614265
58.1729727
57.8799080
49.3263624
44.7437370
70.1430624
59.3129826
44.7437370
83.5511986
51.5882155
45.2251773
49.4082139
47.3975862
74.0740741
48.2008496
50.8328568
46.2558341
56.2099427
48.2679315
60.9427635
78.3861802
45.1015012
62.3479686
52.6498126
44.7437370
46.9949787
44.7437370
44.7437370
73.0296743
49.4619367
96.2250449
74.6913687
49.3867019
48.4745160
112.1544308
44.7437370
46.8099761
60.4397885
47.9276331
44.7437370
68.2788742
45.3205636
66.3358127
44.7437370
69.2543361
44.7437370
59.9490649
52.1640531
57.6629932
44.7437370
71.6114874
44.7437370
44.7437370
44.8699322
44.7437370
60.1929265
50.8821851
53.9556128
47.9609380
44.7437370
44.7437370
75.4851356
44.7437370
53.2623641
45.9381045
75.1646028
48.9426929
80.2572354
45.2607094
44.7437370
44.7437370
44.7824757
108.1476141
59.5491334
88.5614885
58.6967271
44.7437370
66.6666667
64.9569802
48.0483693
44.7437370
44.7437370
61.9875727
44.7437370
50.3952631
44.7437370
49.3754450
44.7437370
108.6250893
44.7437370
82.2690070
58.5456413
56.9571772
91.5737093
49.3023908
49.3245618
Case #16:
7.0885718
7.0967935
7.1092858
7.1010894
9.8192249
7.0466219
7.0925191
12.4128333
7.1164130
9.0709824
8.7133636
8.7557647
7.1077895
10.9530574
7.0398982
8.5299038
9.7300924
7.0426382
9.6433440
7.0742463
7.0792226
7.0954579
7.0248531
7.0845290
7.0637097
7.0557241
9.4228955
7.0763556
8.6715727
7.0667042
9.5037803
7.0410123
11.5406430
8.6923928
10.3048139
8.4712784
7.0546003
7.9928830
9.0005727
7.8815339
7.1033137
7.0984405
11.8457346
9.4496272
7.0772645
7.0925774
10.8703916
9.6149394
8.9545337
9.3701058
7.0417004
7.9605884
12.5363472
8.4328597
7.1064075
8.3949590
10.0694363
10.1020764
7.1084651
10.8297545
7.0340789
7.8352170
7.0351603
7.0387865
7.0549505
11.6902040
7.0579656
7.0935869
9.9108526
7.0296936
8.8645361
10.5951471
8.5497178
7.0732661
8.6303773
7.0661098
7.1076283
10.7498290
9.1188508
7.0631155
7.0267433
7.0819389
11.0806701
7.0515668
7.0318518
12.1193442
7.0335391
9.9733823
8.1778112
7.0368655
7.0497554
11.6397061
7.0643047
7.0408801
7.0357542
7.0700817
9.8800256
7.0694472
10.3398049
10.2701758
7.8971564
7.0563271
7.0477517
11.2128498
8.5102270
7.1026010
7.0913828
11.1242093
10.6716474
12.1763768
7.0853297
7.0539922
7.0329346
11.4440669
9.2671345
7.0997731
7.0527780
7.0569308
7.6781562
9.2169057
7.0432257
7.0488840
7.1040272
7.1011786
7.0243041
7.0499073
8.8205431
12.2928998
7.0254027
7.1157074
7.0899402
7.0812934
8.5897635
7.0678716
8.2842514
9.3440415
7.7598041
10.0050942
7.1100199
8.1432325
11.7932034
8.0420704
7.0278408
8.1952665
8.0753711
8.0921773
8.3575648
10.4469560
7.1115044
7.0713531
8.1090889
8.7771986
7.0374222
7.0382317
9.5588751
9.1674850
7.0567345
12.0631057
7.0779164
9.7892425
7.0232080
8.0091784
8.3390541
7.0675484
11.9529380
7.7897071
7.0503585
7.0591996
10.5202688
8.9317775
7.0688135
9.7009167
7.0604367
7.0414654
8.2662225
7.1018296
7.0872725
7.0649003
7.0974625
7.1122207
7.1134756
8.6509014
11.3498754
9.0473293
7.0261955
10.4108697
7.1141823
8.3206658
10.9951038
7.0759632
7.0859765
7.0307715
7.0491530
8.9091940
10.1683203
7.8660038
7.9286821
8.2483109
11.3036436
8.2128341
9.3181935
10.0371106
7.0404549
7.8199585
7.0458492
7.0832323
10.2358846
Case #17:
68.2849080
63.5606407
60.6429110
82.4832765
80.4954356
99.5608902
91.9582317
60.0555566
76.6138266
57.4395478
68.1787931
63.0933115
72.9833989
63.6116436
62.3378636
71.8419722
62.8333704
88.9910524
63.0966653
66.3143721
82.2964512
66.7432893
56.6582665
57.9308386
62.7563162
55.8414422
62.3041436
56.2531277
111.6828844
57.4600875
56.5652083
65.5239680
57.4815068
66.1458022
106.0843756
65.7779061
65.0573155
61.4019257
56.0591271
73.3761375
57.3550347
65.3948010
114.5842217
64.7505016
61.8158090
60.2007940
59.0088145
58.3435703
63.6972288
59.5553826
63.9440811
58.9614434
111.6828844
60.4993413
57.3201914
65.9096373
56.7747572
64.1163166
56.4323734
86.9450076
57.8385579
66.2307307
59.1740234
61.9416298
56.2531277
66.1552890
60.2739763
64.4024807
63.7057848
65.0778794
113.5921318
58.3244842
65.5647653
112.1511585
76.1670950
66.0908505
59.7515760
61.8712466
65.9791629
67.2455032
79.3028447
63.6028216
65.4822736
57.0226762
59.7052590
60.3575205
60.5910137
65.7672862
65.3655873
83.8276793
58.0902950
56.3364719
75.8735791
65.8501693
60.7338302
75.4395989
66.0667967
66.0520983
122.3424701
66.1467501
62.0657822
65.7264150
112.6253727
61.3449974
65.9643902
65.7264150
57.9830274
65.0242892
71.4732342
69.1520527
74.7325580
58.2583191
62.5154794
68.0731713
70.0530946
63.1558239
63.6813041
86.2937249
56.0692495
57.4546377
79.1367653
103.3982592
60.7648927
58.8090100
61.2085133
55.9115115
66.2521620
70.6344581
59.1679062
74.5935206
85.4476876
84.2240298
58.4574934
86.5091903
60.7802019
61.6352460
66.3494331
55.8425822
88.2930726
60.4905898
62.5344829
59.4147558
62.7743209
65.8669718
57.1668820
58.8816527
62.9261766
65.9224156
61.2540395
59.9659212
56.0164894
66.2412256
84.8292402
64.8113504
117.1828337
65.5380363
66.0418061
64.0664870
64.0311595
59.2595622
72.7250498
58.7555561
65.0968261
58.1492880
65.1901379
63.1637247
63.8955081
56.8982788
65.8365720
65.6932366
58.6587246
61.6369260
63.6889460
63.2121347
61.2478428
60.5951946
63.6978971
64.3907738
77.6875462
73.2445210
65.2060588
65.4884228
66.4260612
58.5914168
60.0538615
59.5883781
56.7349620
88.5239045
77.0685121
56.6058537
65.3960524
64.1855649
62.6901291
59.0388079
60.3608085
56.8274739
56.3596813
93.5576252
55.9166466
59.6038720
64.4700166
58.9401973
64.5956272
55.6677514
95.2434838
58.8620484
99.8922086
60.4968352
101.5998914
65.9388298
55.8414422
64.3976362
65.8918736
103.0309463
65.9938971
56.3724346
67.7592273
113.1056537
71.2305400
62.6779462
63.1817235
57.2921108
98.2678368
70.1682189
65.2370862
Case #18:
34.5439759
32.4090910
33.3319104
32.9199012
34.5201362
38.4849548
33.4015826
32.7789221
29.7915278
34.8624053
33.5234566
31.8869835
35.2898601
64.4586773
32.1968106
35.7475848
38.1849895
35.4548577
34.3211215
30.5492966
48.6954088
39.2992099
30.4924834
38.0669522
32.9036421
47.5104281
30.4610839
40.0985978
33.6759953
35.6275130
50.9308969
32.1229124
31.8921617
29.8480047
29.8161923
47.2836467
57.7046824
33.5949459
31.2102389
32.3368298
51.0721756
31.5495536
32.7403680
48.8188448
63.3472375
30.6739947
34.8309347
31.2086401
31.4744141
42.8253212
34.4320283
31.1135626
62.8126521
54.0017300
30.4855339
41.9338735
31.2913017
32.3008800
30.9740612
30.2695054
34.7207213
30.2753273
39.7596348
32.4435619
38.4243962
35.2162990
33.0201079
31.0815363
33.5749579
31.5332833
44.6978548
32.4818387
42.9092102
32.3164105
33.7942902
33.9544624
32.7870684
47.9739555
34.0634667
43.1638665
33.4418266
31.4890604
35.0581448
56.3235155
58.7558559
33.8352029
33.2614530
30.7978733
33.5588834
65.9338952
32.4509753
34.6080857
45.4786624
62.5503852
35.0323551
35.2230244
30.5214627
31.9977550
32.4584015
30.2308023
32.9544639
35.3405658
36.3157997
42.0126226
44.4152522
46.0918855
39.4291250
45.9879578
35.7113968
33.2789734
33.0820158
33.4758775
32.1937458
39.2347321
42.5765757
32.9814873
31.1934043
30.3413935
33.6353974
33.7695047
32.2045446
40.0301116
56.7079808
33.3948551
57.5011379
65.6307493
32.0760101
32.3785974
47.0600822
34.6609853
31.4152691
34.4454560
31.2356674
36.5735446
33.7697072
38.0083425
45.1810889
31.2116952
34.7748399
35.5262315
31.0360538
30.1285389
30.2003665
35.3838412
31.6256971
36.7837391
34.0449557
32.3020523
32.9737141
30.6545604
32.9285192
31.0373275
32.8530718
37.2152347
30.9715245
43.5985589
31.4687551
29.5701904
42.2515589
34.0473467
39.8941856
45.0831883
46.8396590
33.3585926
58.5410258
29.5687843
33.4329948
35.0311705
51.7966398
31.0383882
35.0250567
33.6356480
33.8159662
35.5724929
35.3490657
32.8994880
30.9544129
35.7019948
32.8908992
40.4463805
34.7051515
33.8299915
32.4024889
32.9776496
40.6594445
32.1049747
30.4752068
60.8021240
35.3575843
30.6247468
34.0902298
40.7312177
34.3779386
35.6460121
50.1071623
32.0977152
32.9112982
54.6853235
33.1376377
43.4231113
33.3038171
34.7558201
32.2122917
29.5963542
34.9212875
38.2444214
33.7776003
34.6523133
35.6968140
33.4461631
30.6254044
31.2759203
31.9719725
44.0466546
31.8786281
32.7675793
30.4010620
33.2373313
Case #19:
74.3367526
67.4102134
72.5172313
66.7090994
75.8027036
90.3699408
64.5219473
72.4572400
76.9636089
88.3263686
100.2400432
98.7017416
64.0921688
74.9108760
65.7300513
78.4297141
108.5085916
68.6839803
83.9988764
68.6582969
66.7297187
85.2620883
65.1937583
109.5211354
64.3487436
75.6348459
64.6952161
63.6982291
73.1157105
71.7304430
64.0375934
70.1849664
68.6739034
69.7042696
114.2613265
70.6955889
65.9815426
68.5758825
75.4974261
72.4346158
69.2096360
71.3132892
74.3165745
66.8537471
64.8971479
73.4874990
92.9782658
75.5472242
72.4771944
64.3417301
65.5245681
75.1308791
69.8177631
66.0417755
65.2942917
72.0415044
64.0489133
67.5126500
70.6204274
71.9235266
63.0973149
64.1197984
65.7741321
100.5034866
69.6806195
74.6927944
72.4131410
97.7146994
134.5565974
63.4971821
69.6937178
69.5442360
81.9171647
118.3580075
94.2607852
65.2962683
65.3035388
63.2737062
90.5628331
85.1010644
113.4918812
67.1695554
137.1695908
80.6579019
65.8941400
115.4454133
68.3223738
79.7176444
77.6862877
108.8429795
80.1165676
68.6944457
71.1560676
67.2622862
68.0859903
67.7594369
97.2321547
69.9229648
81.6322346
65.2342063
95.5978844
68.8833272
73.8869781
67.5596022
67.4245401
120.1246426
73.8391344
74.1766189
87.2685296
77.3224155
71.1179896
65.8379198
72.0157449
78.8095212
63.4305883
128.0751868
64.5920418
76.1454455
72.3144182
67.4654183
66.6524404
65.7311227
63.1662930
69.8888648
67.4151920
63.2036940
65.1503051
68.5847954
69.8718657
75.0206356
64.5338602
121.5027906
66.9631761
81.4908800
96.5215569
70.8804143
65.8747889
64.1061195
74.2998369
64.3970708
67.6785300
67.7953101
68.6557388
106.5649969
69.8325084
113.8746542
133.9263522
70.5420159
80.3858677
65.8610303
69.0611868
66.7429464
65.1611457
64.9459734
67.4388932
65.9605040
66.2276949
71.0990092
75.9164361
63.6310014
67.1296801
117.9283944
65.2265824
70.0599060
67.4375375
75.3043368
66.8888026
66.7672640
96.0563901
72.8964871
63.1579594
69.6929277
74.3569775
68.6433712
84.1537132
128.6260504
79.4549826
65.0525934
68.8365521
93.6129371
68.5808473
70.2397777
130.3222913
72.4174586
66.7087349
64.7329188
74.1370414
72.5574400
64.1192982
64.8037039
65.1453234
75.3583127
95.3710801
65.7289809
64.5189525
104.7222355
106.2511081
69.5935638
70.7878207
98.4521792
Case #20:
46.5929086
70.2291285
74.0641038
46.8345339
46.8369304
48.4525843
54.1151779
87.7623562
49.9943407
48.1023803
50.0734214
50.2695152
51.7440070
45.0638857
68.1674455
77.1354114
48.5032404
47.6299068
91.9515135
51.4993531
77.7549829
46.5728985
45.8895791
46.4707531
58.8224382
97.2100624
45.7602584
49.7140339
61.3266312
48.7472083
50.8000826
60.6211247
67.6109672
50.3451597
57.0919866
63.3732072
78.8216306
47.9267055
73.8841178
50.6118768
48.2774769
78.6047894
47.6150083
49.5212883
89.9450572
47.0210515
58.5528152
48.0351767
50.3648232
49.9340086
47.8378289
86.5842846
49.0285122
48.9893132
61.8459176
45.5496516
51.1265632
45.0277365
47.2355998
75.3619465
49.6051312
105.5173840
48.9777445
48.2545226
61.1225486
69.7716048
53.0567793
46.8142743
72.4899526
54.7607098
60.3261296
52.4922958
48.0026364
53.6972938
49.1060339
52.9556760
49.9405874
47.4716612
46.8548539
50.3761497
86.2971054
49.5393197
61.2243348
44.7318175
48.6050312
56.6019175
50.1731281
57.0094240
48.6226643
67.3377905
48.9664119
49.0078798
98.8862214
47.8081734
50.7857017
60.1318420
81.3317734
50.8440426
51.6350206
79.7072947
48.9661944
52.4545173
48.0350602
48.2656928
51.5002774
51.1387931
94.4711996
50.3348667
53.2750509
44.8918603
45.8967776
45.6738496
51.2184685
50.3703082
50.4398246
83.0598037
48.5680739
45.6812643
50.1615796
45.0709403
89.3048707
58.2868661
74.6120578
50.1468837
49.5201851
71.1718435
49.3359749
46.5272486
51.6171859
52.4768768
49.1841989
50.4969802
77.3402867
51.3767935
46.6012396
97.6211004
49.1801021
49.0708189
49.1296062
52.4663082
52.4574299
56.0458150
87.1673503
46.1933432
46.5479998
57.9378398
46.2089358
54.9073251
53.9748010
57.1749089
46.9822504
50.3828626
89.6232492
52.3526993
47.7112976
80.1614710
69.3229082
51.2581371
100.2018388
60.4239823
49.7687549
48.1362046
45.6762372
74.9841900
102.0405580
48.6179361
52.4322492
103.4880141
71.6576638
48.7871708
48.1451998
58.1990185
58.4637614
47.1425656
45.9326073
46.5079271
74.2454115
45.3824963
52.0547846
47.0492653
46.4585703
50.1569294
45.2583306
46.5175808
50.1144873
50.1661728
48.3990458
50.3554712
55.0551243
60.2287508
49.0125066
48.3475922
49.5509475
46.2028003
48.7761555
53.0882311
51.2095939
51.9791252
100.6521864
82.0590466
46.0237563
48.7646557
82.5548762
61.5327717
